results_20_0.01_cn
0.051606
0.047782
0.047343
0.046352
0.047283
0.046153
0.047253
0.046130
0.047203
0.046153
0.047148
0.046192
0.047095
0.046233
0.047046
0.046273
0.047002
0.046311
0.046964
0.046344
results_20_0.005_cn
0.046138
0.045535
0.045697
0.045892
0.046050
0.046169
0.046259
0.046327
0.046380
0.046420
0.046452
0.046477
0.046497
0.046513
0.046526
0.046537
0.046546
0.046553
0.046559
0.046564
results_20_0.0025_cn
0.044928
0.045861
0.046236
0.046396
0.046471
0.046511
0.046534
0.046550
0.046562
0.046571
0.046579
0.046586
0.046592
0.046598
0.046602
0.046607
0.046610
0.046614
0.046617
0.046619
results_20_0.01_dr
0.073413
0.067457
0.064306
0.062582
0.061500
0.060727
0.060120
0.059615
0.059180
0.058797
0.058452
0.058140
0.057855
0.057591
0.057346
0.057117
0.056902
0.056699
0.056507
0.056326
results_20_0.005_dr
0.063216
0.059604
0.058084
0.057085
0.056304
0.055659
0.055113
0.054638
0.054221
0.053847
0.053510
0.053204
0.052923
0.052664
0.052424
0.052202
0.051994
0.051799
0.051617
0.051445
results_20_0.0025_dr
0.056947
0.054604
0.053223
0.052229
0.051469
0.050868
0.050380
0.049977
0.049637
0.049348
0.049099
0.048882
0.048692
0.048525
0.048376
0.048243
0.048124
0.048017
0.047920
0.047831
results_20_0.01_im
0.049294
0.047078
0.046835
0.046778
0.046738
0.046704
0.046680
0.046664
0.046654
0.046648
0.046644
0.046642
0.046641
0.046641
0.046641
0.046640
0.046640
0.046640
0.046640
0.046640
results_20_0.005_im
0.047122
0.046734
0.046716
0.046701
0.046681
0.046665
0.046655
0.046648
0.046645
0.046642
0.046641
0.046641
0.046641
0.046640
0.046640
0.046640
0.046640
0.046640
0.046640
0.046640
results_20_0.0025_im
0.046522
0.046621
0.046654
0.046657
0.046652
0.046648
0.046645
0.046643
0.046641
0.046641
0.046641
0.046640
0.046640
0.046640
0.046640
0.046640
0.046640
0.046640
0.046640
0.046640
results_20_0.01_lb
0.082306
0.083184
0.083231
0.083074
0.082923
0.082820
0.082761
0.082732
0.082719
0.082715
0.082716
0.082718
0.082720
0.082722
0.082724
0.082725
0.082726
0.082727
0.082728
0.082728
results_20_0.005_lb
0.073849
0.074380
0.074369
0.074288
0.074224
0.074187
0.074169
0.074162
0.074160
0.074161
0.074163
0.074165
0.074166
0.074167
0.074168
0.074169
0.074169
0.074170
0.074170
0.074170
results_20_0.0025_lb
0.067712
0.068026
0.068040
0.068018
0.068000
0.067990
0.067985
0.067984
0.067984
0.067985
0.067986
0.067986
0.067987
0.067987
0.067988
0.067988
0.067988
0.067988
0.067988
0.067988
results_20_0.01_pr
0.107869
0.112053
0.095030
0.100612
0.090281
0.093407
0.087397
0.088412
0.085345
0.084859
0.083772
0.082307
0.082515
0.080466
0.081484
0.079136
0.080623
0.078173
0.079895
0.077478
results_20_0.005_pr
0.094506
0.082861
0.076842
0.073495
0.071601
0.070528
0.069925
0.069592
0.069416
0.069329
0.069291
0.069279
0.069280
0.069286
0.069292
0.069297
0.069298
0.069297
0.069292
0.069285
results_20_0.0025_pr
0.068125
0.064613
0.064404
0.064524
0.064602
0.064622
0.064608
0.064576
0.064535
0.064489
0.064443
0.064396
0.064350
0.064306
0.064264
0.064224
0.064185
0.064149
0.064114
0.064082
results_40_0.01_cn
0.033283
0.026518
0.022945
0.023443
0.022429
0.022854
0.022419
0.022648
0.022449
0.022549
0.022474
0.022492
0.022492
0.022457
0.022505
0.022434
0.022513
0.022418
0.022520
0.022408
results_40_0.005_cn
0.025501
0.023099
0.022594
0.022433
0.022370
0.022342
0.022330
0.022325
0.022325
0.022327
0.022331
0.022335
0.022340
0.022345
0.022350
0.022355
0.022360
0.022365
0.022369
0.022373
results_40_0.0025_cn
0.022367
0.022118
0.022169
0.022232
0.022282
0.022319
0.022345
0.022365
0.022380
0.022392
0.022401
0.022408
0.022414
0.022419
0.022422
0.022425
0.022428
0.022430
0.022432
0.022433
results_40_0.01_dr
0.050503
0.041926
0.038069
0.036134
0.034976
0.034177
0.033577
0.033101
0.032711
0.032383
0.032102
0.031856
0.031639
0.031445
0.031269
0.031109
0.030963
0.030828
0.030703
0.030586
results_40_0.005_dr
0.037137
0.033088
0.031777
0.031057
0.030549
0.030155
0.029834
0.029563
0.029328
0.029121
0.028936
0.028768
0.028614
0.028472
0.028339
0.028216
0.028100
0.027990
0.027886
0.027788
results_40_0.0025_dr
0.030937
0.029486
0.028740
0.028203
0.027779
0.027429
0.027131
0.026872
0.026643
0.026439
0.026254
0.026086
0.025931
0.025789
0.025657
0.025535
0.025421
0.025313
0.025213
0.025118
results_40_0.01_im
0.028397
0.023383
0.022718
0.022607
0.022562
0.022527
0.022501
0.022483
0.022471
0.022464
0.022460
0.022457
0.022456
0.022456
0.022455
0.022455
0.022455
0.022455
0.022455
0.022455
results_40_0.005_im
0.023982
0.022684
0.022550
0.022519
0.022497
0.022481
0.022470
0.022463
0.022459
0.022457
0.022456
0.022455
0.022455
0.022455
0.022455
0.022455
0.022455
0.022455
0.022455
0.022455
results_40_0.0025_im
0.022552
0.022473
0.022477
0.022473
0.022467
0.022462
0.022459
0.022457
0.022456
0.022455
0.022455
0.022455
0.022455
0.022455
0.022455
0.022455
0.022455
0.022455
0.022455
0.022455
results_40_0.01_lb
0.063335
0.063354
0.063096
0.062796
0.062572
0.062433
0.062357
0.062319
0.062304
0.062299
0.062300
0.062303
0.062306
0.062309
0.062311
0.062313
0.062314
0.062315
0.062316
0.062317
results_40_0.005_lb
0.051550
0.051494
0.051310
0.051161
0.051069
0.051021
0.051000
0.050993
0.050992
0.050995
0.050997
0.051000
0.051002
0.051004
0.051005
0.051006
0.051006
0.051007
0.051007
0.051007
results_40_0.0025_lb
0.043091
0.043098
0.043033
0.042985
0.042959
0.042948
0.042944
0.042944
0.042945
0.042947
0.042948
0.042949
0.042950
0.042950
0.042951
0.042951
0.042951
0.042951
0.042951
0.042951
results_40_0.01_pr
0.107873
0.089570
0.091049
0.081326
0.084752
0.076656
0.081072
0.073361
0.078510
0.070821
0.076532
0.068761
0.074897
0.067034
0.073483
0.065553
0.072223
0.064263
0.071078
0.063127
results_40_0.005_pr
0.079270
0.070472
0.065318
0.061624
0.058765
0.056468
0.054585
0.053023
0.051716
0.050617
0.049690
0.048905
0.048240
0.047675
0.047195
0.046786
0.046437
0.046139
0.045884
0.045666
results_40_0.0025_pr
0.058267
0.049252
0.044693
0.042173
0.040731
0.039886
0.039381
0.039072
0.038880
0.038757
0.038677
0.038622
0.038583
0.038554
0.038529
0.038508
0.038489
0.038471
0.038454
0.038436
results_80_0.01_cn
0.028348
0.016547
0.011354
0.010996
0.009353
0.009837
0.009008
0.009471
0.008940
0.009310
0.008929
0.009221
0.008931
0.009165
0.008937
0.009127
0.008944
0.009100
0.008950
0.009080
results_80_0.005_cn
0.015634
0.011078
0.009875
0.009440
0.009251
0.009156
0.009103
0.009070
0.009048
0.009033
0.009021
0.009012
0.009006
0.009000
0.008996
0.008992
0.008989
0.008987
0.008985
0.008983
results_80_0.0025_cn
0.010344
0.009296
0.009083
0.009013
0.008984
0.008971
0.008965
0.008961
0.008960
0.008960
0.008961
0.008962
0.008963
0.008964
0.008965
0.008966
0.008968
0.008969
0.008970
0.008971
results_80_0.01_dr
0.041193
0.030563
0.025779
0.023303
0.021749
0.020639
0.019792
0.019122
0.018577
0.018124
0.017742
0.017415
0.017130
0.016880
0.016658
0.016460
0.016281
0.016119
0.015972
0.015837
results_80_0.005_dr
0.024732
0.019198
0.017332
0.016392
0.015792
0.015362
0.015034
0.014774
0.014560
0.014382
0.014228
0.014095
0.013978
0.013873
0.013778
0.013692
0.013614
0.013541
0.013473
0.013411
results_80_0.0025_dr
0.016495
0.014739
0.014077
0.013684
0.013405
0.013190
0.013015
0.012867
0.012740
0.012628
0.012527
0.012436
0.012352
0.012275
0.012203
0.012136
0.012073
0.012014
0.011957
0.011904
results_80_0.01_im
0.020109
0.011103
0.009445
0.009192
0.009134
0.009095
0.009061
0.009035
0.009018
0.009006
0.009000
0.008996
0.008994
0.008993
0.008993
0.008993
0.008992
0.008992
0.008992
0.008992
results_80_0.005_im
0.012748
0.009548
0.009135
0.009069
0.009043
0.009026
0.009013
0.009004
0.008999
0.008996
0.008994
0.008993
0.008993
0.008992
0.008992
0.008992
0.008992
0.008992
0.008992
0.008992
results_80_0.0025_im
0.009525
0.009069
0.009025
0.009014
0.009006
0.009000
0.008997
0.008995
0.008994
0.008993
0.008993
0.008992
0.008992
0.008992
0.008992
0.008992
0.008992
0.008992
0.008992
0.008992
results_80_0.01_lb
0.056515
0.056024
0.055588
0.055211
0.054951
0.054795
0.054711
0.054671
0.054655
0.054651
0.054653
0.054656
0.054660
0.054663
0.054666
0.054668
0.054669
0.054671
0.054671
0.054672
results_80_0.005_lb
0.042547
0.042123
0.041834
0.041646
0.041540
0.041488
0.041467
0.041461
0.041462
0.041465
0.041469
0.041473
0.041475
0.041477
0.041479
0.041480
0.041481
0.041481
0.041481
0.041482
results_80_0.0025_lb
0.031987
0.031806
0.031695
0.031634
0.031606
0.031596
0.031594
0.031595
0.031598
0.031600
0.031602
0.031604
0.031605
0.031606
0.031606
0.031606
0.031607
0.031607
0.031607
0.031607
results_80_0.01_pr
0.106959
0.077920
0.087756
0.069434
0.080430
0.065039
0.076263
0.062154
0.073525
0.060064
0.071570
0.058461
0.070090
0.057181
0.068921
0.056131
0.067964
0.055251
0.067159
0.054499
results_80_0.005_pr
0.069156
0.060723
0.056344
0.053471
0.051375
0.049749
0.048434
0.047340
0.046408
0.045599
0.044886
0.044251
0.043678
0.043157
0.042679
0.042239
0.041831
0.041451
0.041096
0.040762
results_80_0.0025_pr
0.052416
0.045398
0.041584
0.038997
0.037057
0.035521
0.034264
0.033215
0.032327
0.031568
0.030914
0.030348
0.029857
0.029427
0.029051
0.028720
0.028429
0.028172
0.027944
0.027741
results_160_0.01_cn
0.028110
0.013687
0.008252
0.005963
0.004155
0.003653
0.002771
0.002778
0.002224
0.002374
0.001969
0.002152
0.001833
0.002014
0.001752
0.001922
0.001701
0.001858
0.001668
0.001811
results_160_0.005_cn
0.012872
0.006563
0.004213
0.003075
0.002478
0.002154
0.001973
0.001867
0.001802
0.001759
0.001730
0.001708
0.001691
0.001678
0.001668
0.001659
0.001652
0.001646
0.001641
0.001637
results_160_0.0025_cn
0.005601
0.003185
0.002383
0.002013
0.001827
0.001730
0.001678
0.001649
0.001632
0.001622
0.001616
0.001611
0.001608
0.001606
0.001604
0.001602
0.001601
0.001600
0.001599
0.001598
results_160_0.01_dr
0.038509
0.027006
0.021771
0.018950
0.017085
0.015694
0.014597
0.013708
0.012970
0.012348
0.011815
0.011351
0.010944
0.010582
0.010258
0.009966
0.009701
0.009460
0.009238
0.009035
results_160_0.005_dr
0.020613
0.013874
0.011247
0.009853
0.008951
0.008299
0.007797
0.007398
0.007071
0.006798
0.006568
0.006369
0.006197
0.006045
0.005911
0.005791
0.005683
0.005585
0.005496
0.005414
results_160_0.0025_dr
0.010262
0.007407
0.006345
0.005774
0.005404
0.005140
0.004941
0.004783
0.004656
0.004549
0.004459
0.004381
0.004313
0.004252
0.004198
0.004149
0.004104
0.004063
0.004025
0.003990
results_160_0.01_im
0.018324
0.006671
0.002990
0.002119
0.001992
0.001924
0.001840
0.001759
0.001697
0.001655
0.001629
0.001615
0.001607
0.001603
0.001601
0.001600
0.001599
0.001599
0.001599
0.001599
results_160_0.005_im
0.009409
0.003529
0.002034
0.001767
0.001719
0.001689
0.001660
0.001636
0.001620
0.001610
0.001605
0.001602
0.001600
0.001600
0.001599
0.001599
0.001599
0.001599
0.001599
0.001599
results_160_0.0025_im
0.003758
0.001963
0.001676
0.001634
0.001622
0.001614
0.001608
0.001604
0.001602
0.001600
0.001600
0.001599
0.001599
0.001599
0.001599
0.001599
0.001599
0.001599
0.001599
0.001599
results_160_0.01_lb
0.054945
0.054178
0.053654
0.053245
0.052973
0.052813
0.052728
0.052688
0.052673
0.052669
0.052671
0.052675
0.052679
0.052682
0.052685
0.052687
0.052689
0.052690
0.052691
0.052691
results_160_0.005_lb
0.040004
0.039378
0.039038
0.038837
0.038729
0.038677
0.038657
0.038653
0.038655
0.038659
0.038663
0.038667
0.038670
0.038672
0.038674
0.038675
0.038676
0.038676
0.038677
0.038677
results_160_0.0025_lb
0.028382
0.028095
0.027965
0.027902
0.027876
0.027868
0.027867
0.027870
0.027874
0.027877
0.027879
0.027881
0.027882
0.027883
0.027884
0.027884
0.027884
0.027885
0.027885
0.027885
results_160_0.01_pr
0.107979
0.075858
0.087396
0.066928
0.079212
0.062321
0.074421
0.059297
0.071207
0.057099
0.068882
0.055403
0.067113
0.054042
0.065718
0.052918
0.064587
0.051971
0.063649
0.051159
results_160_0.005_pr
0.067367
0.058314
0.053603
0.050524
0.048293
0.046576
0.045202
0.044072
0.043122
0.042310
0.041607
0.040990
0.040445
0.039959
0.039521
0.039125
0.038765
0.038436
0.038133
0.037854
results_160_0.0025_pr
0.050709
0.043383
0.039594
0.037155
0.035406
0.034068
0.032997
0.032109
0.031354
0.030699
0.030120
0.029601
0.029131
0.028701
0.028304
0.027936
0.027592
0.027269
0.026965
0.026678
