t results_20_0.01_cn	results_20_0.005_cn	results_20_0.0025_cn	results_20_0.01_dr	results_20_0.005_dr	results_20_0.0025_dr	results_20_0.01_im	results_20_0.005_im	results_20_0.0025_im	results_20_0.01_lb	results_20_0.005_lb	results_20_0.0025_lb	results_20_0.01_pr	results_20_0.005_pr	results_20_0.0025_pr	results_40_0.01_cn	results_40_0.005_cn	results_40_0.0025_cn	results_40_0.01_dr	results_40_0.005_dr	results_40_0.0025_dr	results_40_0.01_im	results_40_0.005_im	results_40_0.0025_im	results_40_0.01_lb	results_40_0.005_lb	results_40_0.0025_lb	results_40_0.01_pr	results_40_0.005_pr	results_40_0.0025_pr	results_80_0.01_cn	results_80_0.005_cn	results_80_0.0025_cn	results_80_0.01_dr	results_80_0.005_dr	results_80_0.0025_dr	results_80_0.01_im	results_80_0.005_im	results_80_0.0025_im	results_80_0.01_lb	results_80_0.005_lb	results_80_0.0025_lb	results_80_0.01_pr	results_80_0.005_pr	results_80_0.0025_pr
0   0.050458	0.044823	0.043574	0.072185	0.061915	0.055614	0.048031	0.045790	0.045168	0.081131	0.072604	0.066422	0.107341	0.093416	0.066890	0.032495	0.024252	0.020963	0.049400	0.035847	0.029541	0.027302	0.022657	0.021126	0.062337	0.050421	0.041846	0.107554	0.078390	0.057244	0.028110	0.014798	0.009079	0.040433	0.023657	0.015098	0.019521	0.011762	0.008131	0.055940	0.041783	0.031021	0.107768	0.069416	0.052212
1    0.046469	0.044181	0.044500	0.066166	0.058274	0.053260	0.045729	0.045375	0.045259	0.081995	0.073127	0.066731	0.110993	0.081691	0.063324	0.025276	0.021707	0.020680	0.040681	0.031713	0.028066	0.021996	0.021252	0.021028	0.062331	0.050348	0.041844	0.088703	0.069492	0.048127	0.015710	0.009866	0.007858	0.029595	0.017899	0.013245	0.009910	0.008130	0.007566	0.055410	0.041331	0.030824	0.078151	0.060714	0.044738
2    0.046004	0.044335	0.044873	0.062993	0.056746	0.051875	0.045474	0.045353	0.045291	0.082037	0.073113	0.066743	0.094306	0.075630	0.063099	0.021597	0.021166	0.020724	0.036761	0.030376	0.027314	0.021280	0.021105	0.021029	0.062064	0.050159	0.041776	0.090637	0.064289	0.043508	0.010360	0.008494	0.007599	0.024695	0.015934	0.012563	0.007989	0.007633	0.007509	0.054963	0.041034	0.030709	0.088524	0.056146	0.040620
3    0.044995	0.044528	0.045032	0.061258	0.055744	0.050878	0.045415	0.045337	0.045293	0.081878	0.073030	0.066720	0.099490	0.072258	0.063214	0.022037	0.020993	0.020785	0.034796	0.029647	0.026775	0.021161	0.021071	0.021025	0.061759	0.050006	0.041728	0.080365	0.060563	0.040950	0.009716	0.007987	0.007510	0.022145	0.014949	0.012166	0.007691	0.007555	0.007496	0.054581	0.040843	0.030648	0.069466	0.053124	0.037808
4    0.045926	0.044685	0.045107	0.060172	0.054961	0.050117	0.045374	0.045317	0.045288	0.081725	0.072965	0.066702	0.089443	0.070349	0.063289	0.021006	0.020925	0.020834	0.033619	0.029134	0.026349	0.021115	0.021049	0.021019	0.061533	0.049913	0.041701	0.084288	0.057680	0.039484	0.008007	0.007766	0.007473	0.020536	0.014324	0.011886	0.007629	0.007529	0.007488	0.054318	0.040737	0.030620	0.081128	0.050905	0.035694
5    0.044789	0.044804	0.045147	0.059396	0.054316	0.049515	0.045341	0.045301	0.045284	0.081622	0.072928	0.066692	0.092253	0.069266	0.063308	0.021419	0.020895	0.020870	0.032808	0.028737	0.025998	0.021081	0.021033	0.021014	0.061393	0.049865	0.041690	0.075652	0.055365	0.038622	0.008407	0.007656	0.007456	0.019382	0.013879	0.011671	0.007588	0.007510	0.007483	0.054162	0.040685	0.030610	0.064933	0.049173	0.034023
6    0.045893	0.044894	0.045170	0.058787	0.053768	0.049026	0.045316	0.045291	0.045280	0.081563	0.072910	0.066687	0.086477	0.068656	0.063293	0.020981	0.020882	0.020897	0.032198	0.028413	0.025699	0.021054	0.021022	0.021010	0.061316	0.049844	0.041686	0.080568	0.053467	0.038104	0.007558	0.007595	0.007448	0.018499	0.013541	0.011497	0.007552	0.007496	0.007479	0.054078	0.040664	0.030608	0.076894	0.047767	0.032661
7    0.044765	0.044963	0.045186	0.058281	0.053293	0.048621	0.045300	0.045284	0.045279	0.081533	0.072903	0.066686	0.087235	0.068319	0.063260	0.021205	0.020877	0.020917	0.031716	0.028141	0.025439	0.021035	0.021015	0.021009	0.061279	0.049837	0.041686	0.072331	0.051891	0.037787	0.007995	0.007558	0.007444	0.017799	0.013273	0.011351	0.007523	0.007487	0.007477	0.054038	0.040658	0.030610	0.061941	0.046590	0.031533
8    0.045842	0.045015	0.045197	0.057844	0.052874	0.048281	0.045290	0.045280	0.045277	0.081520	0.072902	0.066686	0.084363	0.068139	0.063218	0.021006	0.020876	0.020932	0.031320	0.027905	0.025210	0.021023	0.021011	0.021007	0.061263	0.049837	0.041687	0.077971	0.050573	0.037588	0.007457	0.007534	0.007442	0.017230	0.013054	0.011224	0.007503	0.007481	0.007475	0.054022	0.040659	0.030612	0.074095	0.045583	0.030587
9    0.044788	0.045056	0.045207	0.057459	0.052500	0.047991	0.045284	0.045278	0.045277	0.081516	0.072903	0.066687	0.083667	0.068049	0.063172	0.021103	0.020878	0.020944	0.030988	0.027697	0.025005	0.021016	0.021009	0.021007	0.061259	0.049839	0.041689	0.069774	0.049464	0.037460	0.007816	0.007518	0.007442	0.016757	0.012872	0.011113	0.007490	0.007478	0.007475	0.054018	0.040663	0.030615	0.059764	0.044706	0.029788
10    0.045786	0.045088	0.045215	0.057115	0.052162	0.047741	0.045280	0.045277	0.045276	0.081517	0.072905	0.066688	0.082742	0.068010	0.063125	0.021029	0.020882	0.020953	0.030703	0.027511	0.024820	0.021011	0.021008	0.021007	0.061260	0.049842	0.041690	0.075960	0.048528	0.037376	0.007432	0.007505	0.007442	0.016358	0.012716	0.011013	0.007483	0.007476	0.007474	0.054020	0.040667	0.030617	0.072085	0.043930	0.029110
11    0.044827	0.045113	0.045222	0.056802	0.051855	0.047524	0.045278	0.045277	0.045276	0.081519	0.072907	0.066688	0.081104	0.067996	0.063078	0.021045	0.020886	0.020960	0.030454	0.027342	0.024651	0.021009	0.021007	0.021007	0.061262	0.049845	0.041691	0.067702	0.047736	0.037319	0.007719	0.007496	0.007443	0.016015	0.012581	0.010922	0.007479	0.007475	0.007474	0.054023	0.040670	0.030619	0.058085	0.043236	0.028533
12    0.045732	0.045133	0.045228	0.056515	0.051574	0.047334	0.045277	0.045276	0.045276	0.081521	0.072908	0.066689	0.081448	0.067996	0.063032	0.021046	0.020891	0.020966	0.030234	0.027187	0.024496	0.021008	0.021007	0.021006	0.061266	0.049847	0.041692	0.074296	0.047065	0.037277	0.007428	0.007489	0.007444	0.015718	0.012462	0.010840	0.007476	0.007475	0.007474	0.054027	0.040673	0.030620	0.070555	0.042608	0.028039
13    0.044868	0.045149	0.045234	0.056251	0.051314	0.047166	0.045277	0.045276	0.045276	0.081524	0.072909	0.066689	0.079254	0.068001	0.062988	0.021009	0.020896	0.020970	0.030038	0.027044	0.024353	0.021007	0.021007	0.021006	0.061269	0.049848	0.041693	0.065965	0.046494	0.037245	0.007658	0.007483	0.007445	0.015457	0.012356	0.010763	0.007475	0.007474	0.007474	0.054031	0.040675	0.030621	0.056740	0.042036	0.027616
14    0.045683	0.045162	0.045238	0.056005	0.051074	0.047017	0.045276	0.045276	0.045276	0.081525	0.072910	0.066690	0.080387	0.068006	0.062946	0.021058	0.020901	0.020974	0.029861	0.026912	0.024221	0.021007	0.021006	0.021006	0.061271	0.049850	0.041693	0.072855	0.046009	0.037219	0.007430	0.007478	0.007446	0.015225	0.012261	0.010692	0.007475	0.007474	0.007474	0.054033	0.040677	0.030621	0.069340	0.041511	0.027253
15    0.044908	0.045173	0.045243	0.055776	0.050851	0.046883	0.045276	0.045276	0.045276	0.081527	0.072911	0.066690	0.077917	0.068010	0.062905	0.020986	0.020906	0.020977	0.029699	0.026788	0.024098	0.021007	0.021006	0.021006	0.061273	0.049851	0.041693	0.064476	0.045596	0.037197	0.007617	0.007475	0.007447	0.015019	0.012174	0.010625	0.007474	0.007474	0.007474	0.054035	0.040678	0.030622	0.055632	0.041026	0.026940
16    0.045640	0.045182	0.045246	0.055560	0.050643	0.046764	0.045276	0.045276	0.045276	0.081528	0.072911	0.066690	0.079502	0.068011	0.062866	0.021067	0.020911	0.020979	0.029551	0.026671	0.023984	0.021006	0.021006	0.021006	0.061274	0.049851	0.041694	0.071570	0.045243	0.037176	0.007434	0.007472	0.007449	0.014833	0.012095	0.010562	0.007474	0.007474	0.007474	0.054037	0.040678	0.030622	0.068340	0.040576	0.026671
17    0.044946	0.045189	0.045250	0.055357	0.050448	0.046656	0.045276	0.045276	0.045276	0.081529	0.072911	0.066690	0.076950	0.068009	0.062830	0.020970	0.020916	0.020981	0.029415	0.026561	0.023876	0.021006	0.021006	0.021006	0.061275	0.049852	0.041694	0.063180	0.044942	0.037157	0.007588	0.007469	0.007450	0.014665	0.012022	0.010503	0.007474	0.007474	0.007474	0.054038	0.040679	0.030622	0.054698	0.040157	0.026437
18    0.045601	0.045195	0.045253	0.055165	0.050265	0.046559	0.045276	0.045276	0.045276	0.081529	0.072912	0.066690	0.078754	0.068004	0.062795	0.021072	0.020920	0.020983	0.029289	0.026457	0.023775	0.021006	0.021006	0.021006	0.061276	0.049852	0.041694	0.070401	0.044684	0.037138	0.007438	0.007467	0.007451	0.014512	0.011955	0.010447	0.007474	0.007474	0.007474	0.054039	0.040679	0.030622	0.067494	0.039764	0.026235
19    0.044979	0.045200	0.045255	0.054983	0.050093	0.046470	0.045276	0.045276	0.045276	0.081530	0.072912	0.066690	0.076250	0.067996	0.062762	0.020959	0.020925	0.020985	0.029171	0.026358	0.023681	0.021006	0.021006	0.021006	0.061276	0.049852	0.041694	0.062038	0.044464	0.037120	0.007567	0.007465	0.007452	0.014372	0.011892	0.010394	0.007474	0.007474	0.007474	0.054039	0.040679	0.030622	0.053898	0.039396	0.026059
