t			results_10_0.005_cn	results_10_0.005_dr	results_10_0.005_im	results_10_0.005_lb	results_10_0.005_pr	results_10_0.005_vr	results_10_0.01_cn	results_10_0.01_dr	results_10_0.01_im	results_10_0.01_lb	results_10_0.01_pr	results_10_0.01_vr	results_20_0.005_cn	results_20_0.005_dr	results_20_0.005_im	results_20_0.005_lb	results_20_0.005_pr	results_20_0.005_vr	results_20_0.01_cn	results_20_0.01_dr	results_20_0.01_im	results_20_0.01_lb	results_20_0.01_pr	results_20_0.01_vr
1			0.057379		0.081026		0.061496		0.089758		0.087866		0.089759		0.072502		0.089460		0.061181		0.095552		0.101533		0.095556		0.017694		0.034570		0.016700		0.047634		0.069543		0.047634		0.027090		0.045996		0.018585		0.056875		0.096393		0.056875
2			0.059804		0.076833		0.061456		0.091809		0.084796		0.091808		0.067110		0.086578		0.061564		0.098773		0.111151		0.098780		0.016087		0.030604		0.016726		0.048012		0.058877		0.048012		0.019740		0.039791		0.017061		0.058232		0.086770		0.058232
3			0.060995		0.073981		0.061850		0.092174		0.085316		0.092173		0.076875		0.083384		0.060430		0.099529		0.099809		0.099536		0.016041		0.028872		0.016734		0.048008		0.052684		0.048008		0.018414		0.036240		0.016855		0.058363		0.083890		0.058363
4			0.061462		0.072042		0.061493		0.092272		0.085942		0.092270		0.091922		0.081106		0.059993		0.099698		0.098080		0.099706		0.016161		0.027753		0.016738		0.047983		0.048820		0.047983		0.017014		0.034239		0.016816		0.058269		0.076180		0.058269
5			0.061604		0.070634		0.061541		0.092305		0.086337		0.092303		0.083565		0.079471		0.060926		0.099723		0.098618		0.099730		0.016276		0.026902		0.016739		0.047969		0.046353		0.047969		0.017663		0.032958		0.016795		0.058165		0.078172		0.058165
6			0.061629		0.069664		0.061773		0.092322		0.086529		0.092318		0.073361		0.078211		0.061077		0.099714		0.093755		0.099723		0.016367		0.026211		0.016739		0.047965		0.044770		0.047965		0.016458		0.032034		0.016778		0.058094		0.069449		0.058094
7			0.061624		0.068886		0.061253		0.092331		0.086614		0.092326		0.083958		0.077205		0.061221		0.099703		0.097142		0.099714		0.016438		0.025629		0.016739		0.047965		0.043760		0.047965		0.017445		0.031309		0.016764		0.058053		0.074269		0.058053
8			0.061831		0.068387		0.061721		0.092330		0.086629		0.092331		0.075589		0.076328		0.060131		0.099699		0.092476		0.099710		0.016493		0.025126		0.016739		0.047967		0.043123		0.047967		0.016332		0.030709		0.016754		0.058033		0.064703		0.058033
9			0.061844		0.068322		0.061395		0.092335		0.086620		0.092334		0.093798		0.075581		0.060847		0.099700		0.095779		0.099710		0.016536		0.024684		0.016739		0.047970		0.042729		0.047970		0.017332		0.030197		0.016748		0.058026		0.071182		0.058026
10			0.061939		0.067919		0.061870		0.092340		0.086612		0.092337		0.090264		0.074911		0.061280		0.099702		0.092263		0.099712		0.016569		0.024291		0.016739		0.047972		0.042489		0.047972		0.016321		0.029749		0.016744		0.058024		0.061224		0.058024
11			0.061954		0.067790		0.061305		0.092338		0.086607		0.092338		0.107677		0.074282		0.061130		0.099705		0.094723		0.099715		0.016595		0.023936		0.016739		0.047974		0.042348		0.047974		0.017253		0.029351		0.016742		0.058025		0.068585		0.058025
12			0.062106		0.067491		0.061881		0.092337		0.086577		0.092339		0.078349		0.073728		0.061291		0.099707		0.092362		0.099717		0.016615		0.023615		0.016739		0.047975		0.042267		0.047975		0.016346		0.028993		0.016740		0.058028		0.058619		0.058028
13			0.062202		0.067378		0.061952		0.092339		0.086562		0.092340		0.085559		0.073256		0.061486		0.099709		0.093926		0.099720		0.016632		0.023320		0.016739		0.047976		0.042223		0.047976		0.017188		0.028667		0.016740		0.058031		0.066339		0.058031
14			0.062157		0.067523		0.061787		0.092342		0.086531		0.092341		0.090180		0.072800		0.060090		0.099712		0.092542		0.099722		0.016644		0.023050		0.016739		0.047977		0.042200		0.047977		0.016380		0.028368		0.016739		0.058033		0.056641		0.058033
15			0.062227		0.067862		0.061717		0.092343		0.086514		0.092341		0.101915		0.072368		0.060793		0.099711		0.093375		0.099723		0.016654		0.022800		0.016739		0.047977		0.042187		0.047977		0.017132		0.028092		0.016739		0.058035		0.064372		0.058035
16			0.062176		0.067801		0.061438		0.092343		0.086475		0.092341		0.102103		0.071964		0.061189		0.099714		0.092700		0.099724		0.016662		0.022567		0.016739		0.047977		0.042179		0.047977		0.016416		0.027835		0.016739		0.058036		0.055128		0.058036
17			0.062107		0.067971		0.061121		0.092341		0.086459		0.092342		0.090269		0.071597		0.060164		0.099715		0.092979		0.099725		0.016669		0.022351		0.016739		0.047978		0.042173		0.047978		0.017085		0.027595		0.016739		0.058037		0.062640		0.058037
18			0.062165		0.067613		0.061329		0.092343		0.086426		0.092342		0.095582		0.071228		0.060760		0.099714		0.092812		0.099726		0.016674		0.022149		0.016739		0.047978		0.042166		0.047978		0.016450		0.027371		0.016739		0.058038		0.053962		0.058038
19			0.062284		0.067559		0.061225		0.092341		0.086408		0.092342		0.092255		0.070884		0.061000		0.099717		0.092710		0.099726		0.016678		0.021959		0.016739		0.047978		0.042157		0.047978		0.017044		0.027159		0.016739		0.058038		0.061114		0.058038
20			0.062173		0.067592		0.061788		0.092344		0.086393		0.092342		0.152458		0.070489		0.060298		0.099715		0.092882		0.099727		0.016682		0.021781		0.016739		0.047978		0.042145		0.047978		0.016481		0.026959		0.016739		0.058039		0.053061		0.058039
