t			cn	dr	im	ct	pr	vr
1			0.005601		0.010262		0.003758		0.028382		0.050709		0.028382
2			0.003185		0.007407		0.001963		0.028095		0.043383		0.028095
3			0.002383		0.006345		0.001676		0.027965		0.039594		0.027965
4			0.002013		0.005774		0.001634		0.027902		0.037155		0.027902
5			0.001827		0.005404		0.001622		0.027876		0.035406		0.027876
6			0.001730		0.005140		0.001614		0.027868		0.034068		0.027868
7			0.001678		0.004941		0.001608		0.027867		0.032997		0.027867
8			0.001649		0.004783		0.001604		0.027870		0.032109		0.027870
9			0.001632		0.004656		0.001602		0.027874		0.031354		0.027874
10			0.001622		0.004549		0.001600		0.027877		0.030699		0.027877
11			0.001616		0.004459		0.001600		0.027879		0.030120		0.027879
12			0.001611		0.004381		0.001599		0.027881		0.029601		0.027881
13			0.001608		0.004313		0.001599		0.027882		0.029131		0.027882
14			0.001606		0.004252		0.001599		0.027883		0.028701		0.027883
15			0.001604		0.004198		0.001599		0.027884		0.028304		0.027884
16			0.001602		0.004149		0.001599		0.027884		0.027936		0.027884
17			0.001601		0.004104		0.001599		0.027884		0.027592		0.027884
18			0.001600		0.004063		0.001599		0.027885		0.027269		0.027885
19			0.001599		0.004025		0.001599		0.027885		0.026965		0.027885
20			0.001598		0.003990		0.001599		0.027885		0.026678		0.027885
