t			cn	dr	im	ct	pr	vr
1			0.025501		0.037137		0.023982		0.051550		0.079270		0.051550
2			0.023099		0.033088		0.022684		0.051494		0.070472		0.051494
3			0.022594		0.031777		0.022550		0.051310		0.065318		0.051310
4			0.022433		0.031057		0.022519		0.051161		0.061624		0.051161
5			0.022370		0.030549		0.022497		0.051069		0.058765		0.051069
6			0.022342		0.030155		0.022481		0.051021		0.056468		0.051021
7			0.022330		0.029834		0.022470		0.051000		0.054585		0.051000
8			0.022325		0.029563		0.022463		0.050993		0.053023		0.050993
9			0.022325		0.029328		0.022459		0.050992		0.051716		0.050992
10			0.022327		0.029121		0.022457		0.050995		0.050617		0.050995
11			0.022331		0.028936		0.022456		0.050997		0.049690		0.050997
12			0.022335		0.028768		0.022455		0.051000		0.048905		0.051000
13			0.022340		0.028614		0.022455		0.051002		0.048240		0.051002
14			0.022345		0.028472		0.022455		0.051004		0.047675		0.051004
15			0.022350		0.028339		0.022455		0.051005		0.047195		0.051005
16			0.022355		0.028216		0.022455		0.051006		0.046786		0.051006
17			0.022360		0.028100		0.022455		0.051006		0.046437		0.051006
18			0.022365		0.027990		0.022455		0.051007		0.046139		0.051007
19			0.022369		0.027886		0.022455		0.051007		0.045884		0.051007
20			0.022373		0.027788		0.022455		0.051007		0.045666		0.051007
