t			cn	dr	im	ct	pr	vr
1			0.033283		0.050503		0.028397		0.063335		0.107873		0.063335
2			0.026518		0.041926		0.023383		0.063354		0.089570		0.063354
3			0.022945		0.038069		0.022718		0.063096		0.091049		0.063096
4			0.023443		0.036134		0.022607		0.062796		0.081326		0.062796
5			0.022429		0.034976		0.022562		0.062572		0.084752		0.062572
6			0.022854		0.034177		0.022527		0.062433		0.076656		0.062433
7			0.022419		0.033577		0.022501		0.062357		0.081072		0.062357
8			0.022648		0.033101		0.022483		0.062319		0.073361		0.062319
9			0.022449		0.032711		0.022471		0.062304		0.078510		0.062304
10			0.022549		0.032383		0.022464		0.062299		0.070821		0.062299
11			0.022474		0.032102		0.022460		0.062300		0.076532		0.062300
12			0.022492		0.031856		0.022457		0.062303		0.068761		0.062303
13			0.022492		0.031639		0.022456		0.062306		0.074897		0.062306
14			0.022457		0.031445		0.022456		0.062309		0.067034		0.062309
15			0.022505		0.031269		0.022455		0.062311		0.073483		0.062311
16			0.022434		0.031109		0.022455		0.062313		0.065553		0.062313
17			0.022513		0.030963		0.022455		0.062314		0.072223		0.062314
18			0.022418		0.030828		0.022455		0.062315		0.064263		0.062315
19			0.022520		0.030703		0.022455		0.062316		0.071078		0.062316
20			0.022408		0.030586		0.022455		0.062317		0.063127		0.062317
