t			cn	dr	im	ct	pr	vr
1			0.028110		0.038509		0.018324		0.054945		0.107979		0.054945
2			0.013687		0.027006		0.006671		0.054178		0.075858		0.054178
3			0.008252		0.021771		0.002990		0.053654		0.087396		0.053654
4			0.005963		0.018950		0.002119		0.053245		0.066928		0.053245
5			0.004155		0.017085		0.001992		0.052973		0.079212		0.052973
6			0.003653		0.015694		0.001924		0.052813		0.062321		0.052813
7			0.002771		0.014597		0.001840		0.052728		0.074421		0.052728
8			0.002778		0.013708		0.001759		0.052688		0.059297		0.052688
9			0.002224		0.012970		0.001697		0.052673		0.071207		0.052673
10			0.002374		0.012348		0.001655		0.052669		0.057099		0.052669
11			0.001969		0.011815		0.001629		0.052671		0.068882		0.052671
12			0.002152		0.011351		0.001615		0.052675		0.055403		0.052675
13			0.001833		0.010944		0.001607		0.052679		0.067113		0.052679
14			0.002014		0.010582		0.001603		0.052682		0.054042		0.052682
15			0.001752		0.010258		0.001601		0.052685		0.065718		0.052685
16			0.001922		0.009966		0.001600		0.052687		0.052918		0.052687
17			0.001701		0.009701		0.001599		0.052689		0.064587		0.052689
18			0.001858		0.009460		0.001599		0.052690		0.051971		0.052690
19			0.001668		0.009238		0.001599		0.052691		0.063649		0.052691
20			0.001811		0.009035		0.001599		0.052691		0.051159		0.052691
