t			cn	dr	im	ct	pr	vr
1			0.044928		0.056947		0.046522		0.067712		0.068125		0.067712
2			0.045861		0.054604		0.046621		0.068026		0.064613		0.068026
3			0.046236		0.053223		0.046654		0.068040		0.064404		0.068040
4			0.046396		0.052229		0.046657		0.068018		0.064524		0.068018
5			0.046471		0.051469		0.046652		0.068000		0.064602		0.068000
6			0.046511		0.050868		0.046648		0.067990		0.064622		0.067990
7			0.046534		0.050380		0.046645		0.067985		0.064608		0.067985
8			0.046550		0.049977		0.046643		0.067984		0.064576		0.067984
9			0.046562		0.049637		0.046641		0.067984		0.064535		0.067984
10			0.046571		0.049348		0.046641		0.067985		0.064489		0.067985
11			0.046579		0.049099		0.046641		0.067986		0.064443		0.067986
12			0.046586		0.048882		0.046640		0.067986		0.064396		0.067986
13			0.046592		0.048692		0.046640		0.067987		0.064350		0.067987
14			0.046598		0.048525		0.046640		0.067987		0.064306		0.067987
15			0.046602		0.048376		0.046640		0.067988		0.064264		0.067988
16			0.046607		0.048243		0.046640		0.067988		0.064224		0.067988
17			0.046610		0.048124		0.046640		0.067988		0.064185		0.067988
18			0.046614		0.048017		0.046640		0.067988		0.064149		0.067988
19			0.046617		0.047920		0.046640		0.067988		0.064114		0.067988
20			0.046619		0.047831		0.046640		0.067988		0.064082		0.067988
