t			cn	dr	im	ct	pr	vr
1			0.046138		0.063216		0.047122		0.073849		0.094506		0.073849
2			0.045535		0.059604		0.046734		0.074380		0.082861		0.074380
3			0.045697		0.058084		0.046716		0.074369		0.076842		0.074369
4			0.045892		0.057085		0.046701		0.074288		0.073495		0.074288
5			0.046050		0.056304		0.046681		0.074224		0.071601		0.074224
6			0.046169		0.055659		0.046665		0.074187		0.070528		0.074187
7			0.046259		0.055113		0.046655		0.074169		0.069925		0.074169
8			0.046327		0.054638		0.046648		0.074162		0.069592		0.074162
9			0.046380		0.054221		0.046645		0.074160		0.069416		0.074160
10			0.046420		0.053847		0.046642		0.074161		0.069329		0.074161
11			0.046452		0.053510		0.046641		0.074163		0.069291		0.074163
12			0.046477		0.053204		0.046641		0.074165		0.069279		0.074165
13			0.046497		0.052923		0.046641		0.074166		0.069280		0.074166
14			0.046513		0.052664		0.046640		0.074167		0.069286		0.074167
15			0.046526		0.052424		0.046640		0.074168		0.069292		0.074168
16			0.046537		0.052202		0.046640		0.074169		0.069297		0.074169
17			0.046546		0.051994		0.046640		0.074169		0.069298		0.074169
18			0.046553		0.051799		0.046640		0.074170		0.069297		0.074170
19			0.046559		0.051617		0.046640		0.074170		0.069292		0.074170
20			0.046564		0.051445		0.046640		0.074170		0.069285		0.074170
