t			cn	dr	im	ct	pr	vr
1			0.012872		0.020613		0.009409		0.040004		0.067367		0.040004
2			0.006563		0.013874		0.003529		0.039378		0.058314		0.039378
3			0.004213		0.011247		0.002034		0.039038		0.053603		0.039038
4			0.003075		0.009853		0.001767		0.038837		0.050524		0.038837
5			0.002478		0.008951		0.001719		0.038729		0.048293		0.038729
6			0.002154		0.008299		0.001689		0.038677		0.046576		0.038677
7			0.001973		0.007797		0.001660		0.038657		0.045202		0.038657
8			0.001867		0.007398		0.001636		0.038653		0.044072		0.038653
9			0.001802		0.007071		0.001620		0.038655		0.043122		0.038655
10			0.001759		0.006798		0.001610		0.038659		0.042310		0.038659
11			0.001730		0.006568		0.001605		0.038663		0.041607		0.038663
12			0.001708		0.006369		0.001602		0.038667		0.040990		0.038667
13			0.001691		0.006197		0.001600		0.038670		0.040445		0.038670
14			0.001678		0.006045		0.001600		0.038672		0.039959		0.038672
15			0.001668		0.005911		0.001599		0.038674		0.039521		0.038674
16			0.001659		0.005791		0.001599		0.038675		0.039125		0.038675
17			0.001652		0.005683		0.001599		0.038676		0.038765		0.038676
18			0.001646		0.005585		0.001599		0.038676		0.038436		0.038676
19			0.001641		0.005496		0.001599		0.038677		0.038133		0.038677
20			0.001637		0.005414		0.001599		0.038677		0.037854		0.038677
