t			cn	dr	im	ct	pr	vr
1			0.028348		0.041193		0.020109		0.056515		0.106959		0.056515
2			0.016547		0.030563		0.011103		0.056024		0.077920		0.056024
3			0.011354		0.025779		0.009445		0.055588		0.087756		0.055588
4			0.010996		0.023303		0.009192		0.055211		0.069434		0.055211
5			0.009353		0.021749		0.009134		0.054951		0.080430		0.054951
6			0.009837		0.020639		0.009095		0.054795		0.065039		0.054795
7			0.009008		0.019792		0.009061		0.054711		0.076263		0.054711
8			0.009471		0.019122		0.009035		0.054671		0.062154		0.054671
9			0.008940		0.018577		0.009018		0.054655		0.073525		0.054655
10			0.009310		0.018124		0.009006		0.054651		0.060064		0.054651
11			0.008929		0.017742		0.009000		0.054653		0.071570		0.054653
12			0.009221		0.017415		0.008996		0.054656		0.058461		0.054656
13			0.008931		0.017130		0.008994		0.054660		0.070090		0.054660
14			0.009165		0.016880		0.008993		0.054663		0.057181		0.054663
15			0.008937		0.016658		0.008993		0.054666		0.068921		0.054666
16			0.009127		0.016460		0.008993		0.054668		0.056131		0.054668
17			0.008944		0.016281		0.008992		0.054669		0.067964		0.054669
18			0.009100		0.016119		0.008992		0.054671		0.055251		0.054671
19			0.008950		0.015972		0.008992		0.054671		0.067159		0.054671
20			0.009080		0.015837		0.008992		0.054672		0.054499		0.054672
