t			cn	dr	im	ct	pr	vr
1			0.015634		0.024732		0.012748		0.042547		0.069156		0.042547
2			0.011078		0.019198		0.009548		0.042123		0.060723		0.042123
3			0.009875		0.017332		0.009135		0.041834		0.056344		0.041834
4			0.009440		0.016392		0.009069		0.041646		0.053471		0.041646
5			0.009251		0.015792		0.009043		0.041540		0.051375		0.041540
6			0.009156		0.015362		0.009026		0.041488		0.049749		0.041488
7			0.009103		0.015034		0.009013		0.041467		0.048434		0.041467
8			0.009070		0.014774		0.009004		0.041461		0.047340		0.041461
9			0.009048		0.014560		0.008999		0.041462		0.046408		0.041462
10			0.009033		0.014382		0.008996		0.041465		0.045599		0.041465
11			0.009021		0.014228		0.008994		0.041469		0.044886		0.041469
12			0.009012		0.014095		0.008993		0.041473		0.044251		0.041473
13			0.009006		0.013978		0.008993		0.041475		0.043678		0.041475
14			0.009000		0.013873		0.008992		0.041477		0.043157		0.041477
15			0.008996		0.013778		0.008992		0.041479		0.042679		0.041479
16			0.008992		0.013692		0.008992		0.041480		0.042239		0.041480
17			0.008989		0.013614		0.008992		0.041481		0.041831		0.041481
18			0.008987		0.013541		0.008992		0.041481		0.041451		0.041481
19			0.008985		0.013473		0.008992		0.041481		0.041096		0.041481
20			0.008983		0.013411		0.008992		0.041482		0.040762		0.041482
