t			cn	dr	im	ct	pr	vr
1			0.022367		0.030937		0.022552		0.043091		0.058267		0.043091
2			0.022118		0.029486		0.022473		0.043098		0.049252		0.043098
3			0.022169		0.028740		0.022477		0.043033		0.044693		0.043033
4			0.022232		0.028203		0.022473		0.042985		0.042173		0.042985
5			0.022282		0.027779		0.022467		0.042959		0.040731		0.042959
6			0.022319		0.027429		0.022462		0.042948		0.039886		0.042948
7			0.022345		0.027131		0.022459		0.042944		0.039381		0.042944
8			0.022365		0.026872		0.022457		0.042944		0.039072		0.042944
9			0.022380		0.026643		0.022456		0.042945		0.038880		0.042945
10			0.022392		0.026439		0.022455		0.042947		0.038757		0.042947
11			0.022401		0.026254		0.022455		0.042948		0.038677		0.042948
12			0.022408		0.026086		0.022455		0.042949		0.038622		0.042949
13			0.022414		0.025931		0.022455		0.042950		0.038583		0.042950
14			0.022419		0.025789		0.022455		0.042950		0.038554		0.042950
15			0.022422		0.025657		0.022455		0.042951		0.038529		0.042951
16			0.022425		0.025535		0.022455		0.042951		0.038508		0.042951
17			0.022428		0.025421		0.022455		0.042951		0.038489		0.042951
18			0.022430		0.025313		0.022455		0.042951		0.038471		0.042951
19			0.022432		0.025213		0.022455		0.042951		0.038454		0.042951
20			0.022433		0.025118		0.022455		0.042951		0.038436		0.042951
