t			cn	dr	im	ct	pr	vr
1			0.051606		0.073413		0.049294		0.082306		0.107869		0.082306
2			0.047782		0.067457		0.047078		0.083184		0.112053		0.083184
3			0.047343		0.064306		0.046835		0.083231		0.095030		0.083231
4			0.046352		0.062582		0.046778		0.083074		0.100612		0.083074
5			0.047283		0.061500		0.046738		0.082923		0.090281		0.082923
6			0.046153		0.060727		0.046704		0.082820		0.093407		0.082820
7			0.047253		0.060120		0.046680		0.082761		0.087397		0.082761
8			0.046130		0.059615		0.046664		0.082732		0.088412		0.082732
9			0.047203		0.059180		0.046654		0.082719		0.085345		0.082719
10			0.046153		0.058797		0.046648		0.082715		0.084859		0.082715
11			0.047148		0.058452		0.046644		0.082716		0.083772		0.082716
12			0.046192		0.058140		0.046642		0.082718		0.082307		0.082718
13			0.047095		0.057855		0.046641		0.082720		0.082515		0.082720
14			0.046233		0.057591		0.046641		0.082722		0.080466		0.082722
15			0.047046		0.057346		0.046641		0.082724		0.081484		0.082724
16			0.046273		0.057117		0.046640		0.082725		0.079136		0.082725
17			0.047002		0.056902		0.046640		0.082726		0.080623		0.082726
18			0.046311		0.056699		0.046640		0.082727		0.078173		0.082727
19			0.046964		0.056507		0.046640		0.082728		0.079895		0.082728
20			0.046344		0.056326		0.046640		0.082728		0.077478		0.082728
