t			cn	dr	im	ct	pr	vr
1			0.010344		0.016495		0.009525		0.031987		0.052416		0.031987
2			0.009296		0.014739		0.009069		0.031806		0.045398		0.031806
3			0.009083		0.014077		0.009025		0.031695		0.041584		0.031695
4			0.009013		0.013684		0.009014		0.031634		0.038997		0.031634
5			0.008984		0.013405		0.009006		0.031606		0.037057		0.031606
6			0.008971		0.013190		0.009000		0.031596		0.035521		0.031596
7			0.008965		0.013015		0.008997		0.031594		0.034264		0.031594
8			0.008961		0.012867		0.008995		0.031595		0.033215		0.031595
9			0.008960		0.012740		0.008994		0.031598		0.032327		0.031598
10			0.008960		0.012628		0.008993		0.031600		0.031568		0.031600
11			0.008961		0.012527		0.008993		0.031602		0.030914		0.031602
12			0.008962		0.012436		0.008992		0.031604		0.030348		0.031604
13			0.008963		0.012352		0.008992		0.031605		0.029857		0.031605
14			0.008964		0.012275		0.008992		0.031606		0.029427		0.031606
15			0.008965		0.012203		0.008992		0.031606		0.029051		0.031606
16			0.008966		0.012136		0.008992		0.031606		0.028720		0.031606
17			0.008968		0.012073		0.008992		0.031607		0.028429		0.031607
18			0.008969		0.012014		0.008992		0.031607		0.028172		0.031607
19			0.008970		0.011957		0.008992		0.031607		0.027944		0.031607
20			0.008971		0.011904		0.008992		0.031607		0.027741		0.031607
